# FAIL N=301 seed=2 n=70 δ=1e-5
0.6 0.71 0.0 0 0.2216153268601443 0.0 0.13803723973582205 0.0 0.0 0.010083116548276858 0.010498911883036246 0.436834192700199 0.8238216608790154 0.40901940046466984 0.8880212846261458 0.4226547792067017 9.112226179290182 11.59233448653863 0.6211139237663954 0.8783360537498982 0.9800822846708925 1.4901062282975408 0.7798539856486197
0.6 0.72 0.0 0 0.22161638741177903 0.0 0.15550153832366576 0.0 0.0 0.010084116494950078 0.010471589121251701 0.4357089263621922 0.8315529776768266 0.40908906510481857 0.893361613369233 0.4221507551214943 9.094529476399988 11.592300140282964 0.6185158109170935 0.8901779813232709 0.9801047600118483 1.5189910007410412 0.7782431419703317
0.6 0.73 0.0 0 0.2216178918086042 0.0 0.17579776632192787 0.0 0.0 0.010074893351914615 0.010433337987254541 0.4345713679656344 0.8394110946805007 0.4091814505849256 0.8987358554050203 0.4216514032821174 9.077016129465669 11.59240171781075 0.6159333963613647 0.9033952001648695 0.9801610176306716 1.550538471299861 0.7766521582097149
0.6 0.74 0.0 0 0.2216200469450498 0.0 0.1957090603743605 0.0 0.0 0.010051077989272439 0.010379510448942973 0.43341975728482635 0.8474419313365382 0.4093017349209214 0.9041735322550253 0.42115846481622404 9.059712952976403 11.592803479321601 0.6133688793050897 0.918305282417715 0.980282230925801 1.5853750221477478 0.7750944903290202
0.6 0.75 0.0 0 0.2216232038925266 0.0 0.20539037728084517 0.0 0.0 0.010006045569825643 0.010303066059956414 0.4322464126597305 0.8557179213882717 0.40945306549920385 0.9097204605087872 0.4206697337372516 9.042720697839279 11.593853617258647 0.6108329078486315 0.9353915417615004 0.9805310813232293 1.6244527731610936 0.7736010571142704
0.6 0.76 0.0 0 0.22162799376318945 0.0 0.17901494396288517 0.0 0.0 0.009929071810462953 0.010192610922962864 0.43102729544379814 0.8643646445510794 0.4096296024809645 0.9154551751966664 0.4201703867688661 9.026336854879736 11.596340367523313 0.6083588185488483 0.9554668680320265 0.981044435662046 1.669371199082994 0.7722457195708529
0.6 0.77 0.0 0 0.22163574792456364 0.0 0.04326880682914424 0.0 0.0 0.009800408561788028 0.010027137961890448 0.4296903039087708 0.873635309302551 0.4097945818733496 0.9215349217641993 0.4196062425816904 9.011432747666857 11.60224335475598 0.6060470890306576 0.9801294427382216 0.9821600255372427 1.7232695283448816 0.7712223936651471
0.6 0.78 0.0 0 0.22164997948941262 0.0 -0.4336386688563731 0.0 0.0 0.009572435875691888 0.009755923207474771 0.4280040628247177 0.884188186941182 0.40980757644326166 0.9283671712630608 0.4187921295336881 9.000823415847451 11.617392474984802 0.6042309977012182 1.0134606277061975 0.9848792406778404 1.7941379653615823 0.7711289551381448

# FAIL N=301 seed=2 n=100 δ=1e-5
0.6 0.71 0.0 0 0.2216125343571462 0.0 0.04674169873097877 0.0 0.0 0.010144284844521716 0.01056770019795066 0.4366527701184053 0.8238088687572073 0.4087976615685687 0.8880086664162048 0.4224523010882909 9.113136877911163 11.59367900096418 0.6211940927450904 0.8784668309079674 0.9802291167968973 1.4903781662931317 0.7799642778866902
0.6 0.72 0.0 0 0.2216124428144425 0.0 0.03378618088911711 0.0 0.0 0.010170234986168114 0.010567691149240872 0.43545530301455765 0.831531192157597 0.4087814906972404 0.8933418164076408 0.42186901066064375 9.095751687817 11.594012984393833 0.6186200338675832 0.8903427580192604 0.980277781438838 1.519326922446262 0.7783795918483932
0.6 0.73 0.0 0 0.22161230155336326 0.0 0.01545250419288102 0.0 0.0 0.010196204886643299 0.01056769967531706 0.4342179419816153 0.839373790554883 0.408755805925237 0.898704301943719 0.4212604125419256 9.07864087341458 11.594540733148442 0.6160667710253346 0.9035930894683535 0.9803545330828369 1.5509314287206721 0.7768160964061623
0.6 0.74 0.0 0 0.22161208083530684 0.0 -0.011360884105693357 0.0 0.0 0.010222285787434716 0.010567751831757989 0.4329295627883492 0.8473770588112082 0.4087147220839146 0.9041220456242608 0.4206180214609188 9.061837306760431 11.595380363888864 0.6135347549602278 0.9185197494227485 0.9804764069216695 1.5857828779111942 0.7752808520581461
0.6 0.75 0.0 0 0.22161173469486173 0.0 -0.05219136686995806 0.0 0.0 0.010248655582428446 0.010567911335454379 0.43157198852037587 0.8556012272159517 0.40864824920866527 0.9096330603125933 0.41992779830908006 9.045408446766924 11.596729711996678 0.6110270555556045 0.9355603970798303 0.9806718262779541 1.6247357627233165 0.773787041619368
0.6 0.76 0.0 0 0.2216111840230291 0.0 -0.11698266118576049 0.0 0.0 0.01027566899737857 0.01056833446463594 0.4301141602540765 0.8641418423207505 0.40853877359348867 0.9152969293330557 0.4191654946352478 9.029487163040764 11.598932249704639 0.6085518592230594 0.9553922417146773 0.9809899432733726 1.669108421849501 0.7723592173395858
0.6 0.77 0.0 0 0.22161028348901893 0.0 -0.22317131335436444 0.0 0.0 0.010304096981684769 0.010569434442642 0.4284991852371664 0.873164037087124 0.40835326289368257 0.9212158064185565 0.4182863210962717 9.014337712807642 11.602617114994468 0.6061276344974275 0.9791628373578323 0.9815202550361913 1.7211282065536477 0.7710442678741012
0.6 0.78 0.0 0 0.22160875127189364 0.0 -0.4075879035531082 0.0 0.0 0.010335868672931816 0.010572430160801907 0.4266100312109717 0.8829948212191557 0.4080230070296791 0.9275910299019037 0.4171977809009889 9.000519806036754 11.609046252424184 0.6037953051880496 1.0091107056086492 0.9824406989019385 1.78512591859591 0.7699379900070116

# OK N=301 seed=2 n=150 δ=1e-5
0.6 0.71 0.0 0 0.22161270394894408 0.0 0.06246256673558825 0.0 0.0 0.010144310951613474 0.010567768625642692 0.43667739223267843 0.8237971053809524 0.40882570441507604 0.8880013085762961 0.4224787234683297 9.112853004708189 11.593094183036863 0.6211598507330923 0.8783979645454769 0.9801435555541431 1.4902337297055406 0.7799088871524168
0.6 0.72 0.0 0 0.22161270436416855 0.0 0.05865835881191383 0.0 0.0 0.010170241243584366 0.0105677699342776 0.43549485017845296 0.8315113129761521 0.4088257830184264 0.8933293826083979 0.42191105233921333 9.095298392256394 11.593093380863323 0.6185655520603891 0.8902274108265907 0.9801434723123535 1.5190867425013956 0.7782922140971155
0.6 0.73 0.0 0 0.22161270509745562 0.0 0.05487608812637656 0.0 0.0 0.010196153910186169 0.010567772587671059 0.4342816390528815 0.839340049993933 0.40882593752384744 0.8986832100106107 0.421327489345676 9.077915773075823 11.593091888264015 0.6159799676683081 0.9033983237816439 0.9801433257828289 1.5505287382000772 0.7766780260481074
0.6 0.74 0.0 0 0.22161270640361985 0.0 0.050971040263525495 0.0 0.0 0.010222100485211176 0.010567778038626139 0.4330326813483478 0.847319165753645 0.4088262431584534 0.9040858907707975 0.4207255520895871 9.060673123376448 11.593089113328245 0.6133960040863087 0.9181865381996707 0.9801430720984576 1.5850988693620665 0.7750619052235511

# OK N=301 seed=2 n=200 δ=1e-5
0.6 0.71 0.0 0 0.22161270350395737 0.0 0.06244106728059417 0.0 0.0 0.010144309450989672 0.010567767331414712 0.4366773224431371 0.8237971160031353 0.40882562222562446 0.8880013142159863 0.42247864717252165 9.112853526092259 11.593095093955451 0.6211599034903801 0.8783980685621445 0.9801436574480022 1.490233940815023 0.77990896015728

# FAIL N=301 seed=2 quadgk dx=0.1 δ=1e-5 no ϵq
0.6 0.71 0.0 0 0.22161270350207657 0.0 0.08528116555439612 0.0 0.0 0.010144309472857748 0.010567767358731921 0.43667732247059915 0.8237971160231784 0.40882562225777147 0.8880013142295307 0.42247864720242506 9.112853526244274 11.59309509490799 0.6211599035354288 0.8783980686346012 0.9801436576050627 1.4902339409766605 0.7799089602478229

# OK N=301 seed=2 quadgk dx=0.1 δ=1e-5
0.6 0.71 0.0 0 0.22161270350207657 0.0 0.06244105844877001 0.0 0.0 0.010144309472857748 0.010567767358731921 0.43667732247059915 0.8237971160231784 0.40882562225777147 0.8880013142295307 0.42247864720242506 9.112853526244274 11.59309509490799 0.6211599035354288 0.8783980686346012 0.9801436576050627 1.4902339409766605 0.7799089602478229
0.6 0.72 0.0 0 0.22161270353330684 0.0 0.05861675024254608 0.0 0.0 0.010170238279398336 0.010567767375309905 0.43549471213729357 0.8315113334859705 0.40882562212534884 0.8933293935027751 0.4219109023305561 9.09529939700408 11.593095093173561 0.6185656522476611 0.8902276152583355 0.9801436571969342 1.519087153020574 0.7782923492495796
0.6 0.73 0.0 0 0.22161270356467663 0.0 0.054789850295611224 0.0 0.0 0.010196147941125671 0.010567767392826924 0.43428136562952363 0.8393400892150354 0.40882562199650363 0.8986832307993253 0.4213271939163947 9.077917704739491 11.593095091161405 0.6159801569127542 0.9033987248222577 0.980143656740468 1.5505295344691334 0.7766782739674112
0.6 0.74 0.0 0 0.22161270359810475 0.0 0.05080368490062436 0.0 0.0 0.010222088373618321 0.010567767409809314 0.43303213783497385 0.847319239891229 0.40882562186261917 0.9040859298540895 0.42072496800719406 9.0606768367074 11.5930950892174 0.6133963604146584 0.9181873246934088 0.9801436562936866 1.5851004121249934 0.7750623563546017
0.6 0.75 0.0 0 0.22161270363299906 0.0 0.04671504097997214 0.0 0.0 0.010248147137406936 0.010567767427492224 0.43173922062326553 0.8555005463696361 0.4088256217236317 0.9095702558614904 0.4201003606122967 9.043534960191884 11.593095087207667 0.6108047252508702 0.9349814435994364 0.9801436558319228 1.6235557907099172 0.7734386458451262
0.6 0.76 0.0 0 0.22161270366998756 0.0 0.04246522880835268 0.0 0.0 0.010274473625391498 0.010567767445772966 0.43039036484425125 0.8639624172505771 0.40882562157855534 0.9151851940722673 0.41944732120021316 9.0264329002728 11.593095085091198 0.6081915341320351 0.9543564481685157 0.9801436553470653 1.667013248095091 0.7717985469332707
0.6 0.77 0.0 0 0.22161270370973393 0.0 0.03799203677490315 0.0 0.0 0.010301329844855944 0.010567767464757162 0.42896517953285707 0.8728322741613527 0.4088256214226897 0.921009622241743 0.4187557890722094 9.009279311780048 11.593095082873564 0.6055353619060369 0.9772309339368219 0.980143654837332 1.7172517861214518 0.7701285937660435
0.6 0.78 0.0 0 0.2216127037536934 0.0 0.03318445793709657 0.0 0.0 0.010329214774214864 0.0105677674852949 0.4274261437406897 0.8823408793514743 0.40882562125626115 0.9271855687413709 0.41800726593735715 8.991914656929099 11.593095080359117 0.6027985292688968 1.0052435067197343 0.9801436542669482 1.7774356191958323 0.7684050625016174
0.6 0.79 0.0 0 0.22161270347122652 0.0 0.027826417928200616 0.0 0.0 0.01035925206142101 0.010567766635698316 0.4256907278650693 0.8929909563924984 0.4088256257380678 0.9340215833779903 0.417161089844305 8.973999092101783 11.593095134822748 0.5999006086781294 1.0419185095371368 0.9801436680914597 1.8543505996243712 0.7665772845127058
