# ϕ Σext Σint E Ẽ   m mt q0 q1 qt s st m̂ m̂t q̂0 q̂1 q̂t ŝ ŝt
0.3 0.5 0.0 1   0.12534685091492628 0.0 0.08010998301666294 0.0 0.0 -0.035947686870512724 -0.03315804731217738 0.7153961842494688 0.8147333019313591 0.6737924216732452 0.8575849301109015 0.6940777444676252 8.114043343317759 10.34407633932269 0.26394608637571587 0.3783885886661258 0.3955105218252175 0.6606209243375311 0.32210431457370065
0.3 0.52 0.0 1   0.1253468509058988 0.0 0.07666002672657157 0.0 0.0 -0.035866527241593046 -0.033158047317932496 0.7146585235248905 0.8216877255402395 0.6737924216651683 0.8643616174493968 0.6937372644501293 8.0681345956847 10.344076339601989 0.2607525291305054 0.38595958947096853 0.3955105218387814 0.6825675961606532 0.32018360765086096
0.3 0.54 0.0 1   0.1253468508973252 0.0 0.07309172516400952 0.0 0.0 -0.035776942389173005 -0.03315804732570988 0.7137834418606096 0.8287418635562411 0.6737924216585678 0.8710842067261749 0.6933297525969808 8.025135926164758 10.344076339866588 0.257700817434772 0.3944887477754686 0.39551052185217705 0.7061882808339532 0.3183425484221471
0.3 0.56 0.0 1   0.12534685088828515 0.0 0.06941840832719315 0.0 0.0 -0.03567968476882059 -0.03315804733420214 0.7127769385839997 0.8358985802023201 0.6737924216524493 0.8777539411301819 0.6928577717832896 7.9849921105050266 10.344076340136263 0.25478904617620735 0.40407670039314153 0.39551052186622454 0.7316881210329362 0.31658061618291394
0.3 0.58 0.0 1   0.12534685088024294 0.0 0.0656401909271409 0.0 0.0 -0.03557546309282534 -0.03315804734175475 0.7116445550762236 0.8431620369815427 0.6737924216472883 0.8843731812222508 0.6923236876426034 7.947652810384241 10.344076340389792 0.252015307089285 0.4148480735878164 0.3955105218803101 0.75931648283847 0.31489728473956025
0.3 0.6 0.0 1   0.1253468508725248 0.0 0.061757021752040224 0.0 0.0 -0.035464927768893886 -0.033158047349163756 0.710391160069787 0.85053830526198 0.673792421642863 0.8909458419742956 0.6917295647870552 7.913075317203287 10.344076340637809 0.24937775695748368 0.42695931257870434 0.39551052189476915 0.7893815373825038 0.31329207245165075
0.3 0.62 0.0 1   0.12534685086521716 0.0 0.05775952622300017 0.0 0.0 -0.03534865212632642 -0.033158047357145094 0.7090206533020469 0.8580362902042593 0.6737924216397582 0.8974780244390348 0.6910770215984221 7.881228268006623 10.344076340872464 0.24687470998335498 0.44061018927662987 0.3955105219093348 0.8222716242340673 0.31176460821304025
0.3 0.64 0.0 1   0.12534685085822259 0.0 0.05366156285713241 0.0 0.0 -0.035227106534119056 -0.033158047364237754 0.707535534525123 0.8656691598618129 0.673792421637056 0.9039789686698658 0.6903670174856233 7.852096945311505 10.34407634110394 0.2445047666462891 0.45606134027757395 0.39551052192424996 0.8584877094464647 0.3103147226214134
0.3 0.66 0.0 1   0.1253468508513766 0.0 0.04944155229391622 0.0 0.0 -0.035100620093333666 -0.03315804737108425 0.7059362414312288 0.8734566308325372 0.6737924216348816 0.9104625578291463 0.6895995249823922 7.825691280225819 10.344076341335452 0.2422670023640758 0.4736621655910245 0.39551052193993297 0.8986948722930266 0.30894258141140096
0.3 0.68 0.0 1   0.12534685084470518 0.0 0.04508836937977544 0.0 0.0 -0.03496931910523311 -0.033158047377804714 0.7042200631045392 0.8814288137429893 0.6737924216334746 0.9169498361536939 0.6887729911072585 7.802058783932026 10.344076341565941 0.2401612622304941 0.4938976671627419 0.39551052195646885 0.9438085110363226 0.3076488948465811
0.3 0.7 0.0 1   0.12534685083831534 0.0 0.04058099228043677 0.0 0.0 -0.034833018889739255 -0.033158047384406225 0.7023792110323401 0.8896331393232778 0.6737924216329281 0.9234735433965761 0.6878833813328531 7.781307177075351 10.344076341794675 0.23818866044212095 0.5174726973397238 0.39551052197387526 0.9951489925578579 0.30643527468244586
0.3 0.72 0.0 1   0.12534685083223363 0.0 0.03587910875901823 0.0 0.0 -0.03469101247413061 -0.033158047390866696 0.7003970436987417 0.8981480229277538 0.6737924216335157 0.9300870811286079 0.6869223096833503 7.763648078412876 10.34407634201676 0.23635251701304127 0.5454779675881157 0.3955105219919608 1.0547455932189072 0.30530490755155026
0.3 0.74 0.0 1   0.12534685082637345 0.0 0.030909674419987706 0.0 0.0 -0.03454159696598946 -0.033158047397243 0.6982396262097221 0.9071135519612994 0.6737924216353938 0.9368847171322584 0.6858728613426729 7.749493334438738 10.344076342232617 0.2346603692074417 0.5797619266277343 0.39551052201110243 1.1260155633087685 0.30426400833184586
0.3 0.76 0.0 1   0.12534685082071037 0.0 0.025522081903428525 0.0 0.0 -0.034380775375991386 -0.03315804740358656 0.6958327066478879 0.9168154481712987 0.6737924216387097 0.9440570731218145 0.6846982047198239 7.73971401336198 10.344076342456118 0.23312924387335462 0.6239443510868619 0.39551052203255654 1.2156098839215437 0.3033256470090804
0.3 0.78 0.0 1   0.12534685081503805 0.0 0.019311447485570454 0.0 0.0 -0.03419718207941958 -0.03315804741008514 0.6929722348733831 0.9280122829192688 0.673792421642758 0.952108223266741 0.6832973556775344 7.736631294157134 10.344076342745895 0.23180529786808787 0.6873496705470008 0.39551052206085185 1.3405543823563089 0.3025240681694996
0.3 0.8 0.0 1   0.12534685121032507 0.0 0.00912875595948659 0.0 0.0 -0.033899490811807334 -0.03315804709623204 0.6880558310701357 0.9465941852116821 0.673792421992694 0.9649651668065969 0.6808784952334745 7.757727698435653 10.344076331674245 0.23102430807726834 0.8406272958312295 0.3955105215921189 1.6287615844430476 0.3021059901287511
0.3 0.5 0.0 2   0.1237522574552528 0.0 0.07755908402046208 0.0 0.0 0.007706078193485958 0.00650164192857919 0.7131169978521645 0.8152517461330678 0.6714482385151126 0.8586224677245736 0.6917318904070442 8.275935872122409 10.503650774353808 0.27217803302038607 0.3908474161599098 0.40074165009446944 0.6789025357138406 0.3291036346859454
0.3 0.52 0.0 2   0.12375225746917022 0.0 0.07401903285991773 0.0 0.0 0.007675775824615053 0.00650164192717352 0.7122452744607223 0.8224306921697669 0.6714482385315708 0.8655651533778389 0.6913305103213208 8.23057207440467 10.503650773914899 0.2688986632118512 0.39910417869137077 0.4007416500723317 0.7022155463233062 0.32715853086658253
0.3 0.54 0.0 2   0.12375225748421444 0.0 0.07037837833762106 0.0 0.0 0.007641119101651268 0.006501641924838964 0.711237356900667 0.8297229846900566 0.671448238545744 0.8724536015074055 0.6908624098405491 8.188010094963158 10.503650773466774 0.26574958136586435 0.4084058662993483 0.40074165004910006 0.727359300566068 0.32528522969020407
0.3 0.56 0.0 2   0.12375225749790325 0.0 0.06661154024617533 0.0 0.0 0.007602353653520323 0.006501641921408567 0.7100997792962326 0.8371314984602295 0.6714482385582018 0.8792895411575037 0.6903303545516234 8.1481938076078 10.503650773059094 0.26272963601951865 0.41887074588831474 0.40074165002776485 0.7545712631648495 0.3234834280419863
0.3 0.58 0.0 2   0.12375225751193276 0.0 0.06273601681205943 0.0 0.0 0.0075597209982223475 0.006501641916489438 0.7088383649622007 0.8446609039274505 0.6714482385705617 0.8860762345392325 0.6897368043570642 8.111074175326436 10.503650772643425 0.2598375624614995 0.430646855635291 0.40074165000584505 0.7841438153781709 0.32175279711123533
0.3 0.6 0.0 2   0.12375225752702886 0.0 0.05873912867632169 0.0 0.0 0.007513449789785406 0.006501641910205413 0.7074579503611285 0.8523185454175632 0.6714482385825585 0.8928190693977887 0.6890837780502751 8.076612377296607 10.50365077220829 0.25707204078620377 0.44392253590993364 0.4007416499827649 0.8164437331949588 0.320093023243306
0.3 0.62 0.0 2   0.12375225754127937 0.0 0.05463208268691177 0.0 0.0 0.007463743590498948 0.006501641902304545 0.7059619902861787 0.8601157777951665 0.6714482385939009 0.8995264432669432 0.688372657842585 8.044784209186162 10.503650771789559 0.2544317738213184 0.45894232687427977 0.4007416499600786 0.8519415113454747 0.31850386235603734
0.3 0.64 0.0 2   0.12375225755611922 0.0 0.050414730219661134 0.0 0.0 0.007410763094421178 0.006501641892557363 0.704351960878429 0.8680700711851559 0.671448238605861 0.9062111422687684 0.6876038927960477 8.015586623138107 10.503650771352023 0.2519155937044287 0.4760319704928925 0.40074164993660916 0.891257359590661 0.3169852157592595
0.3 0.66 0.0 2   0.1237522575716798 0.0 0.04606824131614395 0.0 0.0 0.007354598576979682 0.0065016418808001245 0.7026263959294583 0.8762084928489874 0.6714482386179667 0.9128926156433452 0.6867765199906064 7.989048108517155 10.50365077089803 0.24952261527105915 0.49563979544880704 0.40074164991231115 0.935237140802105 0.3155372428296223
0.3 0.68 0.0 2   0.12375225758778402 0.0 0.04156603831267924 0.0 0.0 0.007295223482760684 0.0065016418669354556 0.7007792086063844 0.8845738542834605 0.6714482386298722 0.9196009963210473 0.6858873316170099 7.965246483107984 10.503650770432628 0.24725247470326805 0.5184098121334938 0.40074164988722183 0.9850861478180204 0.3141605426216419
0.3 0.7 0.0 2   0.12375225760450484 0.0 0.03687597701917955 0.0 0.0 0.007232407765490271 0.006501641850582258 0.6987964878693488 0.8932365298871522 0.6714482386418634 0.9263848550369629 0.6849292873377812 7.944342345005237 10.503650769946434 0.245105740776995 0.5453222474817666 0.40074164986086497 1.0426256449512927 0.31285647712131
0.3 0.72 0.0 2   0.12375225762220297 0.0 0.03193760748643193 0.0 0.0 0.007165532847261925 0.006501641831120384 0.6966495789189439 0.9023200813123551 0.6714482386535 0.9333280783571068 0.6838880893961182 7.926650234229278 10.503650769448683 0.24308472359208189 0.5779975533940993 0.40074164983390936 1.1108463517744618 0.31162782513070764
0.3 0.74 0.0 2   0.12375225764146776 0.0 0.026623426527261348 0.0 0.0 0.00709311626077766 0.006501641807492585 0.6942772442189703 0.9120674831945963 0.6714482386656057 0.9405936608958971 0.682733361192083 7.912819276052886 10.503650768905784 0.2411953833618231 0.6194797768288248 0.4007416498045577 1.195330752898589 0.31048036377770766
0.3 0.76 0.0 2   0.12375225766361757 0.0 0.020623004330644346 0.0 0.0 0.007011152818007792 0.006501641776931172 0.6915235065939151 0.9230724033901473 0.6714482386798378 0.948577250948037 0.6813879315831839 7.90445218724507 10.503650768248079 0.2394533943375576 0.6769609755754115 0.40074164976889787 1.3091849533649205 0.30942801687120863
0.3 0.78 0.0 2   0.1237522574549978 0.0 0.012551859596143798 0.0 0.0 0.006900699274246769 0.006501641373037437 0.6876747780390924 0.9380067507125187 0.6714482382542748 0.9590595375453593 0.6794992452694234 7.908619374884054 10.50365077652832 0.23792415945886752 0.7820217988238507 0.40074165031524744 1.5095419641768177 0.3085279583437555
0.3 0.5 0.0 3   0.13820307111862806 0.0 0.08834239557664601 0.0 0.0 0.02500397984966807 0.02388826910677199 0.6868123485950175 0.796250648260691 0.6431641094809705 0.8455191141984096 0.6643807443138898 8.27294850691678 10.467711538243451 0.27644685014323817 0.3856112225729767 0.4051306151489985 0.666829982474517 0.33361881928688386
0.3 0.52 0.0 3   0.13820307111206648 0.0 0.08453344645942273 0.0 0.0 0.024967968954111665 0.023888269119290373 0.6859074897864775 0.803960757503097 0.6431641094680368 0.8529767505657712 0.6639645650271043 8.227997865237633 10.467711538602336 0.27317993151527087 0.3928961195003377 0.40513061517796134 0.6885013088159639 0.3316757394559746
0.3 0.54 0.0 3   0.13820307110316632 0.0 0.0806268351472017 0.0 0.0 0.02492918662348375 0.023888269130886288 0.6848669071720673 0.8117845059381367 0.643164109453023 0.8603606245272066 0.6634821007611055 8.18566072772522 10.467711539038156 0.27003597854209577 0.4011065104748999 0.4051306152132072 0.7117838485523686 0.32979977620842343
0.3 0.56 0.0 3   0.1382030710939906 0.0 0.07660118792607307 0.0 0.0 0.02488792191778696 0.02388826914142438 0.6836989187351318 0.8197207575124832 0.6431641094385693 0.8676704752041967 0.6629369575476214 8.145865701405073 10.467711539502721 0.2670131937042396 0.41033390788916396 0.40513061525239796 0.7368669832124471 0.32799025740429727
0.3 0.58 0.0 3   0.13820307108466193 0.0 0.07245876675332497 0.0 0.0 0.024844442848883735 0.02388826915092898 0.682411212298603 0.8277694996487169 0.6431641094247261 0.8749072958559995 0.662332479292172 8.108547803232943 10.467711539994092 0.2641097591407751 0.42069117427840613 0.4051306152953971 0.7639800463829846 0.3262465193669238
0.3 0.6 0.0 3   0.1382030710717503 0.0 0.06823761877772228 0.0 0.0 0.024798992550201158 0.02388826915964971 0.6810106455599555 0.8359324935922168 0.6431641094072751 0.8820737372110774 0.6616716505148004 8.073650302060523 10.467711540590512 0.2613238568130373 0.43231929960447796 0.40513061534597244 0.7934050493121831 0.3245679244536418
0.3 0.62 0.0 3   0.13820307105866217 0.0 0.06390088505281444 0.0 0.0 0.02475178379885237 0.023888269167385765 0.6795029859743497 0.8442141956111363 0.6431641093903533 0.8891746759009127 0.6609569677499862 8.041127151308583 10.467711541215483 0.2586536967038094 0.44539723041405616 0.40513061540043394 0.8254950971700564 0.3229538831361702
0.3 0.64 0.0 3   0.13820307104369162 0.0 0.0594496095213115 0.0 0.0 0.024702991060428635 0.023888269174363364 0.677892547516604 0.8526231130583848 0.6431641093726068 0.8962180550592432 0.6601902586332334 8.010946413326145 10.467711541903421 0.25609755559321046 0.4601566243645827 0.4051306154606288 0.8607019694311737 0.32140388346315457
0.3 0.66 0.0 3   0.13820307102801702 0.0 0.05488910321538309 0.0 0.0 0.02465273859941846 0.023888269180362742 0.6761816499067684 0.8611738832661501 0.643164109354183 0.9032161833424599 0.6593724121178923 7.983095369824844 10.467711542638824 0.25365383132993213 0.47690489262779373 0.4051306155257759 0.8996190954778274 0.31991753270540924
0.3 0.68 0.0 3   0.1382030710105535 0.0 0.05021503188540332 0.0 0.0 0.024601081539995122 0.023888269185510697 0.6743697515558371 0.8698906524927875 0.6431641093340905 0.9101878673403142 0.658502946514981 7.957588682249889 10.467711543445194 0.251321121894669 0.49606305016797403 0.405130615597028 0.9430519787696986 0.318494620169427
0.3 0.7 0.0 3   0.1382030709912016 0.0 0.045396411568754395 0.0 0.0 0.024547973408042437 0.023888269189774696 0.6724519509168028 0.878812947066127 0.6431641093126449 0.917162150023758 0.6575792645698888 7.934482380322315 10.467711544324564 0.2490983478425892 0.5182319019227473 0.4051306156748766 0.9921410468624523 0.31713521874356376
0.3 0.72 0.0 3   0.1382030709699 0.0 0.040403256473808824 0.0 0.0 0.024493205090080756 0.023888269193186325 0.6704161543917913 0.8880067851582225 0.6431641092894117 0.9241854385406676 0.656595248711533 7.913899997959518 10.46771154529628 0.24698495798383352 0.5443176241954781 0.40513061576094866 1.0485941795846194 0.31583986334499325
0.3 0.74 0.0 3   0.1382030709460086 0.0 0.03517651981643777 0.0 0.0 0.0244362749809104 0.02388826919588835 0.6682370531373565 0.8975883168136229 0.643164109264517 0.9313367595892812 0.6555382784226841 7.896087383864297 10.467711546359801 0.24498131467991335 0.5757984455953117 0.4051306158558885 1.1151792464193757 0.3146099011537117
0.3 0.76 0.0 3   0.13820307091859643 0.0 0.0295968444086192 0.0 0.0 0.024376062132998956 0.023888269197436543 0.6658610028299939 0.907783205466684 0.6431641092358316 0.9387662589985839 0.6543817511134877 7.881548170594326 10.467711547599873 0.24308953688750506 0.6153923655294298 0.4051306159655075 1.1969541026142365 0.31344829646741695
0.3 0.78 0.0 3   0.13820307088543052 0.0 0.02338367323106993 0.0 0.0 0.0243097398762478 0.023888269197641577 0.6631559894198436 0.9191233791005078 0.6431641092024483 0.946823283945855 0.653060351774003 7.871484332924727 10.467711549075256 0.2413158741863006 0.6692589824587061 0.405130616096054 1.3053111409579503 0.3123620354992309
0.3 0.8 0.0 3   0.1382030708379319 0.0 0.015438096834241575 0.0 0.0 0.02422596538603893 0.023888269194315682 0.6595997766738975 0.9336760763346516 0.6431641091594436 0.9568599558751019 0.6513160115534841 7.870484399682283 10.467711551077258 0.23968250023378926 0.7606670038212132 0.40513061627409075 1.4829978959020687 0.3113752165663449
0.3 0.5 0.0 4   0.1558096550152062 0.0 0.10365021057001654 0.0 0.0 0.04275239118599214 0.040777200285856775 0.662793676845769 0.7758861868568626 0.6190332024871716 0.8312428820857823 0.6402745203132788 7.962833043380974 10.070461613986405 0.25257902563949997 0.34693537548189246 0.3707047762765479 0.6044321677407036 0.30510359315592755
0.3 0.52 0.0 4   0.15580965502833508 0.0 0.09983768828880633 0.0 0.0 0.042689341385372934 0.04077720027646843 0.6620337730618444 0.7837892783336431 0.6190332024802131 0.8389217523102859 0.6399290324001039 7.918260510113501 10.070461613784945 0.24959656961421808 0.3526799620173136 0.37070477626073134 0.6228586658389867 0.3033213274791062
0.3 0.54 0.0 4   0.15580965504489688 0.0 0.09581070278263935 0.0 0.0 0.042623476713888296 0.04077720026296786 0.6611495504480481 0.7917872172749305 0.6190332024758729 0.8465073491570687 0.6395229723569997 7.876081480679258 10.070461613522424 0.24672566508913743 0.3591278837840197 0.37070477624480325 0.6425106043975279 0.3015995678571971
0.3 0.56 0.0 4   0.15580965506229166 0.0 0.09166110524760905 0.0 0.0 0.0425551822398224 0.04077720024675519 0.6601493042049055 0.7998749190512207 0.6190332024722538 0.853997652448589 0.6390599656624122 7.836226751902434 10.070461613250908 0.24396434583049392 0.36633425982046314 0.3707047762303493 0.6635091805222559 0.29993758426599243
0.3 0.58 0.0 4   0.15580965507590222 0.0 0.08743964128032909 0.0 0.0 0.042484792740764804 0.040777200234916516 0.6590409299158133 0.8080476964407052 0.6190332024657894 0.8613913629237373 0.6385434874575897 7.798631052795921 10.070461613061804 0.24131063327990268 0.37436530372749216 0.3707047762180237 0.685996675166579 0.29833464252431263
0.3 0.6 0.0 4   0.15580965508797162 0.0 0.08312763402074097 0.0 0.0 0.042412595597228125 0.040777200223957616 0.6578318278382008 0.8163015656366324 0.6190332024582347 0.8686880803108258 0.6379768162152627 7.763233878905161 10.070461612909963 0.2387625492455673 0.3833011416021877 0.37070477620754805 0.7101419057870385 0.2967900148551917
0.3 0.62 0.0 4   0.15580965509849404 0.0 0.07872851126300429 0.0 0.0 0.042338832324939485 0.040777200213888296 0.6565287922601654 0.8246336432323332 0.6190332024495766 0.8758885311365665 0.6373629786496898 7.729980491817373 10.070461612795519 0.23631813226702103 0.39323964128839145 0.37070477619895464 0.7361476156673411 0.2953029918833879
0.3 0.64 0.0 4   0.15580965510633046 0.0 0.07425293637175479 0.0 0.0 0.04226369835597773 0.04077720020649275 0.6551378756858474 0.8330426741351903 0.6190332024390475 0.8829948723122448 0.6367046810830815 7.698823183492936 10.070461612744376 0.2339754582477095 0.4043017340489737 0.37070477619267656 0.7642607162490246 0.2938728969259343
0.3 0.66 0.0 4   0.15580965511462622 0.0 0.06966898690452528 0.0 0.0 0.04218734054869206 0.040777200197309245 0.6536642117678905 0.8415297543830115 0.6190332024284896 0.8900111115808105 0.6360042195410854 7.6697229632637285 10.070461612691462 0.2317326666919228 0.4166390005920324 0.37070477618790587 0.7947868517774116 0.29249910394830575
0.3 0.68 0.0 4   0.15580965512052503 0.0 0.065017140624124 0.0 0.0 0.0421098514806172 0.04077720018997594 0.6521117692156908 0.8500993611870441 0.6190332024163315 0.8969437167169764 0.6352633550456634 7.64265193526176 10.070461612692059 0.22958799501100932 0.4304448214012871 0.37070477618521963 0.8281117554081125 0.29118106144110034
0.3 0.7 0.0 4   0.1558096551247996 0.0 0.06027750746040449 0.0 0.0 0.04203125874356882 0.040777200183580206 0.6504829884781081 0.8587608880597158 0.6190332024026876 0.9038025391949945 0.6344831304366964 7.617596826494294 10.070461612738947 0.22753982532510572 0.4459713695438973 0.3707047761849623 0.8647337185656216 0.28991832599750544
0.3 0.72 0.0 4   0.15580965512672448 0.0 0.0554494115401205 0.0 0.0 0.04195150608044264 0.04077720017890452 0.6487782132597689 0.867531049201581 0.6190332023876257 0.9106022827266852 0.6336635853109785 7.594564500558538 10.070461612829481 0.2255867518113993 0.4635566526453895 0.3707047761864166 0.9053151447894576 0.28871061226997513
0.3 0.74 0.0 4   0.15580965512773068 0.0 0.050504679030560766 0.0 0.0 0.04187041967254374 0.040777200174377345 0.6469947382948509 0.876437896290969 0.6190332023713828 0.9173649877626051 0.6328032808383142 7.573591122819229 10.070461612955265 0.223727683986973 0.48366998306985187 0.37070477619023495 0.9507690335196156 0.2875578721123084
0.3 0.76 0.0 4   0.15580965512684278 0.0 0.04542603198320893 0.0 0.0 0.041787645474092354 0.04077720017092944 0.6451250950400071 0.885528029081489 0.6190332023540271 0.924124532703782 0.6318984472384432 7.554758486482181 10.070461613108897 0.22196201762499052 0.5069938771989713 0.3707047761956251 1.0024143972253896 0.28646042916886383
0.3 0.78 0.0 4   0.1558096551236771 0.0 0.04017434550862564 0.0 0.0 0.041702522567050045 0.040777200169000154 0.6431536455351577 0.8948808926829999 0.6190332023341579 0.9309356220086769 0.6309412939655249 7.538225999057306 10.070461613325156 0.22028994616756503 0.5345859793526913 0.3707047762043744 1.0622828056724736 0.28541923019140253
0.3 0.8 0.0 4   0.15580965511802283 0.0 0.03466919051564599 0.0 0.0 0.04161379516466008 0.0407772001682463 0.6410488982189113 0.904641014193385 0.6190332023120715 0.9378941517280535 0.6299162029251011 7.524301772946586 10.070461613601193 0.2187131052979001 0.5682431303746573 0.3707047762153786 1.1338059819363924 0.284436376485718
0.3 0.82 0.0 4   0.1558096551091117 0.0 0.02874723522006128 0.0 0.0 0.04151881362245738 0.04077720016899596 0.6387422933831293 0.9151070556115715 0.6190332022861932 0.9451936973080681 0.6287892283348927 7.513635583969799 10.070461613947359 0.21723619162076252 0.6115007695290318 0.37070477623114445 1.2236985045570703 0.2835164891322257
0.3 0.84 0.0 4   0.1558096537813796 0.0 0.022096809063065766 0.0 0.0 0.04141036394565316 0.040777201029890166 0.636044277415601 0.9270847013218629 0.6190332015082807 0.9533501610428716 0.6274665822708917 7.5079681070463815 10.070461640512065 0.21587270151328658 0.6735681132814402 0.3707047774585078 1.3493504462364079 0.28267168020949335
0.3 0.86 0.0 4   0.15580965414638712 0.0 0.010447088399923032 0.0 0.0 0.04121862428282588 0.04077720082477029 0.6311158272068331 0.948338739541011 0.6190332023212478 0.967332452948605 0.6250391324673988 7.523350553726357 10.070461631330481 0.21472940247165176 0.8405804107006762 0.37070477704790045 1.672055463322951 0.28199908798369633
