0.4 0.4 0.0 1   0.02074647869011503 0.0 0.011324365774278975 0.0 0.0 0.03964930707605837 0.037696439690446636 0.9251417460868194 0.9428011994038534 0.898513560392147 0.9452744546217976 0.9114313186337015 7.938555730907573 10.057660668414538 0.5255238044457251 0.671984282360092 0.6375041960134573 0.9364016628353666 0.5700008733001054
0.4 0.42 0.0 1   0.020746478635874012 0.0 0.010279857185976904 0.0 0.0 0.03953447785125275 0.03769643967627292 0.9247029779037941 0.9448329783823576 0.8985135603522217 0.9478013302525483 0.9112458642667216 7.895711714124855 10.057660670984408 0.5183562787165509 0.687771704028484 0.6375041960491608 0.9723677658630201 0.566369383010195
0.4 0.44 0.0 1   0.020746478585633995 0.0 0.009147016439073341 0.0 0.0 0.039408806092391946 0.03769643966507298 0.9240953088927538 0.9469766520936608 0.8985135603179989 0.9504312252502397 0.9109782914198481 7.858580367415734 10.0576606732426 0.5110396291869735 0.7068111695356192 0.6375041960763059 1.0134439230161023 0.5627175995947158
0.4 0.46 0.0 1   0.02074647853980545 0.0 0.007900624535497891 0.0 0.0 0.03927289081809358 0.037696439657283025 0.9233058426791755 0.9492686512997376 0.8985135602900229 0.9531910973352736 0.9106214848824253 7.8275128536659775 10.057660675158214 0.5035828239056963 0.7300001895341256 0.6375041960935202 1.0610425787194626 0.559044620664744
0.4 0.48 0.0 1   0.020746478499278746 0.0 0.006519665241011551 0.0 0.0 0.03912687317910405 0.03769643965321132 0.9223122829084156 0.951761146857037 0.8985135602696447 0.9561215902825708 0.9101637801947288 7.803124267708264 10.057660676659541 0.4959858825087764 0.7587392457342023 0.6375041960983985 1.1173460537760018 0.5553469107719281
0.4 0.5 0.0 1   0.02074647846537917 0.0 0.004964782792521438 0.0 0.0 0.03896997205657425 0.037696439653450174 0.9210742579672914 0.9545375001895318 0.8985135602587935 0.9592907382603122 0.9095847022914861 7.786531166787176 10.05766067763972 0.48822894371246534 0.7954257400310428 0.6375041960871751 1.1860545854306601 0.5516145702339907
0.4 0.52 0.0 1   0.02074647844060217 0.0 0.0031572313118066737 0.0 0.0 0.038799166317468756 0.03769643965915224 0.9195094161672903 0.9577545072358339 0.898513560260728 0.9628318277429976 0.9088432213017181 7.780005124728632 10.057660677919113 0.4802423256888944 0.8448189418489178 0.6375041960532059 1.2744475510526951 0.5478209542643369
0.4 0.54 0.0 1   0.020746478430337417 0.0 0.000896409665593345 0.0 0.0 0.03860384232266984 0.03769643967320506 0.917398558609671 0.9618097208997349 0.8985135602835749 0.9670945755712346 0.9078311810433792 7.789554199907778 10.05766067705481 0.4717856240621249 0.9194953931100167 0.6375041959800676 1.401590780235975 0.5438804732010939
0.4 0.56 0.0 1   0.020746480095483032 0.0 -0.004095846312807128 0.0 0.0 0.038086782192682196 0.03769644027998153 0.9093252884124899 0.9765977422540623 0.8985135615652535 0.9809748916392863 0.9038877867903189 7.964945761199567 10.057660594365561 0.45620898490555684 1.3849915860387683 0.6375041946257077 2.110255560076772 0.537470972566774
0.4 0.4 0.0 2   0.04160087865120212 0.0 0.02744091406325921 0.0 0.0 -0.03432787617807079 -0.033270221413162465 0.8814841778465764 0.9082384304280634 0.8439592455571852 0.9155472574927596 0.8620473459743598 8.276423790369313 10.58979107094297 0.39793488522091386 0.5090526151070499 0.5298984961810865 0.7686217423289492 0.4539068808280232
0.4 0.42 0.0 2   0.041600878650756935 0.0 0.025933325233096213 0.0 0.0 -0.03433698905996965 -0.033270221402264565 0.880930807264357 0.9111346617492351 0.8439592455663717 0.9192027680057405 0.8618160506356743 8.232141920414998 10.58979107020859 0.3930455356304242 0.5198074785405258 0.5298984960565191 0.7966237900472568 0.4512685742251713
0.4 0.44 0.0 2   0.041600878644331686 0.0 0.02431585562970295 0.0 0.0 -0.034341137517951585 -0.033270221393232775 0.8801716404230904 0.9141518861353741 0.8439592455683548 0.9229484696991712 0.8614866585061105 8.193495271899241 10.589791069961432 0.38826499392717134 0.5325924868392531 0.529898495980771 0.827874587320811 0.44872302346948256
0.4 0.46 0.0 2   0.04160087863064251 0.0 0.02257622155193983 0.0 0.0 -0.03433969939153254 -0.03327022138648613 0.8792073054162011 0.9173215944974323 0.8439592455619936 0.9267985955121832 0.8610582385693527 8.160354366449466 10.589791070277883 0.38359195699766246 0.5477542437426135 0.5298984959610429 0.8629650090920199 0.4462643213551668
0.4 0.48 0.0 2   0.04160087860928603 0.0 0.020705170695328734 0.0 0.0 -0.03433186775994004 -0.03327022138220248 0.8780366110362879 0.920680185780147 0.8439592455464446 0.9307706294045681 0.8605289740390951 8.132631508403206 10.589791071211202 0.37902555818508005 0.5657605525444559 0.5298984960027183 0.9026825502538086 0.44388677030948187
0.4 0.5 0.0 2   0.04160087857900956 0.0 0.018684306900967895 0.0 0.0 -0.03431662615613186 -0.033270221380860325 0.8766548804924503 0.9242718669731107 0.8439592455204361 0.9348879511963938 0.8598953874711786 8.110320115023542 10.589791072843521 0.3745654192602651 0.5872690199054577 0.5298984961137205 0.9481225193407224 0.4415853595380417
0.4 0.52 0.0 2   0.041600878538703506 0.0 0.01649025155106565 0.0 0.0 -0.034292682992499914 -0.03327022138296355 0.8750508541456687 0.9281544879024515 0.843959245482401 0.939184856365903 0.8591508586807504 8.09356281181849 10.589791075274377 0.3702116263464488 0.6132552572429049 0.5298984963036445 1.0008948352278544 0.43935632092855004
0.4 0.54 0.0 2   0.04160087848650637 0.0 0.014086906702237554 0.0 0.0 -0.034258296975585065 -0.033270221389194984 0.8732004446757464 0.9324120783769612 0.8439592454301219 0.9437169414341197 0.8582825865248214 8.082782161330352 10.589791078645844 0.3659644596541161 0.6452777721622659 0.5298984965861849 1.06354947762966 0.4371978187071013
0.4 0.56 0.0 2   0.04160087841953172 0.0 0.01140894045834062 0.0 0.0 -0.03421079978580332 -0.03327022140064434 0.8710521447612606 0.9371853135816075 0.8439592453598783 0.9485858841506959 0.8572644342320439 8.078977538880206 10.589791083196323 0.3618233890528989 0.6861120764676143 0.5298984969842834 1.1405910128202554 0.4351110092562053
0.4 0.58 0.0 2   0.04160087833125655 0.0 0.008315786943768888 0.0 0.0 -0.03414507171290256 -0.033270221419454966 0.8684834079330628 0.9427642220799911 0.8439592452639757 0.9540145377481184 0.8560354945077242 8.0845998445896 10.589791089421052 0.3577833148677585 0.741677159547706 0.5298984975454012 1.241549287329443 0.43310244426982675
0.4 0.6 0.0 2   0.04160087856183152 0.0 0.004326501146234563 0.0 0.0 -0.034045968525141614 -0.03327022169847478 0.8650869614157157 0.9500447160328539 0.8439592452034693 0.960718199901575 0.8543951116142345 8.107801286985195 10.58979109981721 0.3538129946667714 0.8305607919249474 0.529898500272349 1.3960993863634379 0.43119395400747906
0.4 0.4 0.0 3   0.03657676040778565 0.0 0.020737387880498392 0.0 0.0 6.058458679738456e-5 -3.761360146949868e-5 0.8726754047318652 0.9090253127183855 0.8437872650958081 0.9210364993021862 0.8578449328573127 8.881836861305825 10.913138012129238 0.4609936951445833 0.6172210813371767 0.5762410713672356 0.9068877516157592 0.5113185087018971
0.4 0.42 0.0 3   0.03657676042139301 0.0 0.01902491128524808 0.0 0.0 1.1783366036006349e-5 -3.7613578142473695e-5 0.8721695433331796 0.912859309753889 0.8437872650477998 0.9251936920874981 0.8576243462741452 8.826266588126892 10.91313801251861 0.45456606050391407 0.6327871452684797 0.5762410712911936 0.9436117553004184 0.5078525202341794
0.4 0.44 0.0 3   0.03657676043653425 0.0 0.01718600001685 0.0 0.0 -3.6283345608471805e-5 -3.7613555970844335e-5 0.8714829426330332 0.9168710504429338 0.8437872650045666 0.9294494478613284 0.8573155707751624 8.774911929640892 10.913138012788968 0.44809670364553783 0.6512304689652398 0.5762410712145222 0.9850117739569006 0.5043756882501629
0.4 0.46 0.0 3   0.03657676045283574 0.0 0.015206599016798215 0.0 0.0 -8.258533927096752e-5 -3.7613534803586006e-5 0.8706079087577854 0.9211006657675859 0.8437872649661557 0.9338298199449286 0.8569140265901183 8.727910245557373 10.913138012944644 0.44158863203359 0.6732758457329174 0.5762410711375603 1.0322772115830858 0.5008865444864633
0.4 0.48 0.0 3   0.036576759783178474 0.0 0.013132654554798283 0.0 0.0 -0.00012606589846238987 -3.7613751190290344e-5 0.8695295015253615 0.9256056925575804 0.843787265239775 0.9383746784990257 0.8564116474992123 8.685521775131734 10.913138028984456 0.43503901193383226 0.7000177502828573 0.5762410737609035 1.0871877520535136 0.4973811676875647
0.4 0.5 0.0 3   0.03657675976318553 0.0 0.010790772634466926 0.0 0.0 -0.0001656041630707484 -3.76137389016609e-5 0.8682192350978594 0.9304769773118399 0.8437872652094548 0.9431504075841096 0.8557937877209514 8.648228085174154 10.91313802991483 0.428433024974534 0.7332436619300583 0.5762410737695234 1.1526258457930871 0.49385038918368485
0.4 0.52 0.0 3   0.03657675974292023 0.0 0.008172264784334082 0.0 0.0 -0.00019991111695948468 -3.76137279001099e-5 0.8666195255475265 0.9358784986571788 0.8437872651828485 0.9482816720727922 0.8550315681141755 8.616971351899595 10.913138030758038 0.42172849141218544 0.7762434826818816 0.5762410737722147 1.233854823507298 0.49027263690818096
0.4 0.54 0.0 3   0.03657675972119329 0.0 0.005110760092214006 0.0 0.0 -0.00022718238822387835 -3.761371857451456e-5 0.8645930834540958 0.9421778866424007 0.8437872651605245 0.9540558391161784 0.854056966291532 8.593922119609356 10.913138031513864 0.4148048666508639 0.8364713847416338 0.5762410737674184 1.3427053558647783 0.4865899673467694
0.4 0.56 0.0 3   0.03657675969431043 0.0 0.0009778642305613428 0.0 0.0 -0.00024315233565261787 -3.761371193063701e-5 0.8616156810810626 0.9507438023731772 0.8437872651440254 0.9615644206042171 0.8526117164817079 8.58706822406446 10.91313803219139 0.40714534501205907 0.9418810421196423 0.5762410737490458 1.5231451958358224 0.48255841788721027
0.4 0.4 0.0 4   0.04552948972113003 0.0 0.03122810344480253 0.0 0.0 -0.016316161519397847 -0.016243455863090825 0.8762368941379199 0.9038337499576766 0.842820624664133 0.9138930560271894 0.8590023525106167 8.109595132098098 10.228776828505627 0.3575454528342943 0.46145794374637233 0.4671852276966236 0.7040817849133643 0.4045994909514089
0.4 0.42 0.0 4   0.04552948975006528 0.0 0.02973820892593348 0.0 0.0 -0.016286308930251788 -0.016243455877606915 0.8759615232701599 0.9068784776479678 0.8428206246922106 0.9174994391857366 0.8588955464002608 8.056433267247796 10.228776826976892 0.35267815741967434 0.4703761260884352 0.4671852276074217 0.7289232142915738 0.4019214192886934
0.4 0.44 0.0 4   0.04552948977434043 0.0 0.02815698208480377 0.0 0.0 -0.016260427402189307 -0.016243455889254736 0.8755266986516103 0.9100176407035717 0.8428206247129341 0.9211558318798195 0.8587119564912384 8.007572446706357 10.228776825773615 0.3478750202916785 0.4808037532886745 0.4671852275357848 0.7562126509378764 0.39929297215516996
0.4 0.46 0.0 4   0.04552948979346532 0.0 0.026480327398187283 0.0 0.0 -0.016238943461590483 -0.016243455897992788 0.8749345344319489 0.9132685568642324 0.842820624726189 0.9248696882410086 0.8584518802475735 7.962967734142827 10.228776824912062 0.34314474259324407 0.4929579908731328 0.467185227483041 0.7863328177636105 0.396715907961997
0.4 0.48 0.0 4   0.04552948980707126 0.0 0.024697128346573557 0.0 0.0 -0.016222091093980623 -0.016243455903794217 0.8741857936788832 0.916650868231148 0.8428206247316605 0.928650316891327 0.8581150068729878 7.922607475119432 10.228776824406443 0.3384962170267586 0.5071207410080132 0.46718522744960855 0.8197751536548464 0.39419236113390504
0.4 0.5 0.0 4   0.045529489815220946 0.0 0.022798710765797866 0.0 0.0 -0.01620992720502453 -0.016243455906324936 0.8732792348563895 0.9201879420635541 0.8428206247289549 0.9325100179181305 0.8577001036622657 7.886526555625285 10.228776824270739 0.3339382853516608 0.5236683190220898 0.46718522743634516 0.8571888832809655 0.3917248500612065
0.4 0.52 0.0 4   0.04552948981741393 0.0 0.020775664716365938 0.0 0.0 -0.016202353212117045 -0.016243455905412846 0.8722105585632672 0.92390923317517 0.84282062471726 0.9364659519393486 0.8572045012334764 7.854827673003334 10.228776824537865 0.32947949437695145 0.5431207905865916 0.46718522744468005 0.8994623234978364 0.3893162904418095
0.4 0.54 0.0 4   0.0455294898128576 0.0 0.01860823461152794 0.0 0.0 -0.016199142312053726 -0.016243455900801656 0.870970574750955 0.9278544973086715 0.8428206246956456 0.9405434343024596 0.8566231907766789 7.82771821113866 10.22877682524844 0.32512780871064295 0.566229549672493 0.46718522747661345 0.9478668029523145 0.3869700242101616
0.4 0.56 0.0 4   0.04552948980082026 0.0 0.016271881129320542 0.0 0.0 -0.01619997326226843 -0.01624345589204244 0.8695416923454402 0.9320819550798793 0.8428206246627857 0.9447822968276346 0.8559470911338584 7.805580549533871 10.228776826459317 0.32089017149554244 0.5941469503060404 0.46718522753510155 1.0043346558137176 0.3846898802549537
0.4 0.58 0.0 4   0.04552948977986044 0.0 0.013720166492509065 0.0 0.0 -0.016204475757790902 -0.016243455878360246 0.8678902955143732 0.9366861099534713 0.8428206246163753 0.9492507896554275 0.855159285899368 7.78912387003527 10.228776828269476 0.3167715971178713 0.6287971112283441 0.4671852276251106 1.072065119771764 0.38248029394554034
0.4 0.6 0.0 4   0.04552948974727482 0.0 0.01086575647096799 0.0 0.0 -0.016212308342467355 -0.016243455858278417 0.8659468619158623 0.9418443254741119 0.8428206245520856 0.9540820500239539 0.8542252186954323 7.779777205462864 10.228776830864474 0.3127726548965276 0.6738475582462419 0.46718522775608545 1.1571069043356632 0.380346522563692
0.4 0.62 0.0 4   0.04552948969676563 0.0 0.007493011323217446 0.0 0.0 -0.016223376885558125 -0.016243455828244054 0.8635349216343788 0.9479835665075149 0.8428206244595067 0.9596052981744108 0.8530576908105385 7.781081730057525 10.22877683469067 0.3088794085263083 0.7381972085475725 0.4671852279508267 1.2740186802701343 0.3782948666747296
0.4 0.64 0.0 4   0.04552948873904717 0.0 0.0026260786496756783 0.0 0.0 -0.016239562962444654 -0.016243455519689188 0.8597764240534154 0.9571800485214267 0.8428206234580944 0.9674546963332106 0.8512241510960991 7.810210394782362 10.228776883652811 0.3049658435436421 0.8653770524273886 0.4671852302943956 1.4933516854277464 0.37632766969340764
0.4 0.4 0.0 5   0.04497071550637758 0.0 0.030802535077451006 0.0 0.0 -0.03203879997322029 -0.0302124274756082 0.8770259504888189 0.9041499118072328 0.8448931824619834 0.9144392402203285 0.8605021627329285 8.140392601331762 10.234675835699331 0.36531865489433935 0.46888176646073915 0.4774364296489311 0.7128723517307199 0.4134335624367588
0.4 0.42 0.0 5   0.04497071550230539 0.0 0.029317861830607802 0.0 0.0 -0.03193455427636574 -0.030212427477191606 0.8768601332347362 0.907226203391446 0.8448931824308678 0.9180206821345713 0.8604414666077923 8.08521043751874 10.234675836318441 0.36050043723567565 0.4777771685307611 0.4774364296660523 0.737689845784645 0.41073427415565106
0.4 0.44 0.0 5   0.044970715496657175 0.0 0.027750974052054286 0.0 0.0 -0.031824324304437455 -0.03021242747759246 0.876537140594593 0.9103923956690794 0.8448931823983394 0.9216517248750173 0.8603054781395175 8.03430346201653 10.234675837057587 0.35574472897190107 0.48817810701746595 0.4774364296928689 0.7649639905673455 0.40808886046604037
0.4 0.46 0.0 5   0.044970715489272846 0.0 0.02608390769903712 0.0 0.0 -0.031709707683055637 -0.030212427476559986 0.8760568228230452 0.9136653860038295 0.8448931823636949 0.9253404488034931 0.8600935236349692 7.98766453090744 10.23467583793703 0.3510567584072358 0.5003063554154064 0.477436429730761 0.7950874914151075 0.4054983363038158
0.4 0.48 0.0 5   0.04497071547979611 0.0 0.024315037403660474 0.0 0.0 -0.03159212956195175 -0.030212427474118137 0.8754178712765932 0.9170649142326959 0.8448931823271322 0.9290968738678148 0.8598043703823508 7.945313808139217 10.234675838961808 0.3464422360582644 0.5144511468009129 0.477436429780442 0.8285647018795941 0.4029639464872872
0.4 0.5 0.0 5   0.04497071546759832 0.0 0.022432431962676743 0.0 0.0 -0.0314728127746705 -0.030212427470180967 0.8746171872700668 0.9206149195538166 0.8448931822879385 0.9329340768779397 0.859435927707093 7.907312332256606 10.234675840165462 0.3419071956399578 0.5309996548259527 0.47743642984364554 0.8660620277967929 0.40048723237184014
0.4 0.52 0.0 5   0.044970715452357556 0.0 0.020423218129866916 0.0 0.0 -0.031352741788604956 -0.030212427464753694 0.8736488232157118 0.9243458834214431 0.8448931822461844 0.9368700823737096 0.8589847347294753 7.873784165354552 10.234675841559694 0.33745778430660567 0.5504879350174977 0.47743642992174246 0.9084919390178207 0.3980701014804499
0.4 0.54 0.0 5   0.04497071543379933 0.0 0.018267258636989192 0.0 0.0 -0.031232608738886895 -0.030212427457800332 0.872502097059121 0.9282991029471449 0.8448931822016813 0.9409312585283186 0.8584450378318588 7.844954972109586 10.234675843162119 0.3330999426737465 0.5736919547252745 0.47743643001650915 0.9571626201436705 0.3957149034790577
0.4 0.56 0.0 5   0.044970714941695765 0.0 0.015987580062604145 0.0 0.0 -0.031112712892735178 -0.030212427437319087 0.8711579305333811 0.9325351345241623 0.8448931824728784 0.9451589670406111 0.8578069897890068 7.82122569607567 10.234675855260479 0.3288388251204658 0.6018053953069584 0.47743643155268894 1.014069288436827 0.3934245200852371
0.4 0.58 0.0 5   0.04497071491603229 0.0 0.013441740024516811 0.0 0.0 -0.030992737258866886 -0.030212427440299238 0.869580830606824 0.9371524915201065 0.8448931824460956 0.9496242334805082 0.8570526972792614 7.803331951092816 10.234675856577464 0.32467754099343166 0.6368320870816748 0.47743643163618565 1.0825349634558867 0.39120247790080376
0.4 0.6 0.0 5   0.044970714887901345 0.0 0.010584746372443998 0.0 0.0 -0.030871132062715 -0.03021242744265737 0.8676976559098086 0.942337496662322 0.8448931824171105 0.9544669120173698 0.8561457548812482 7.792761855865524 10.234675858051878 0.3206136420497822 0.6826311916523479 0.477436431730927 1.168911039718765 0.389053075913135
0.4 0.62 0.0 5   0.04497071485497714 0.0 0.007185498981238102 0.0 0.0 -0.030742772526599276 -0.03021242744427973 0.8653196710260777 0.9485481015290447 0.8448931823840948 0.9600406307942068 0.8549928367106374 7.793275360782573 10.234675859807968 0.31662515612775316 0.7487805674411703 0.47743643184583423 1.288839451952565 0.38698117133533283
0.4 0.64 0.0 5   0.04497071536304681 0.0 0.0019055099741149826 0.0 0.0 -0.030575435161262973 -0.03021242732562117 0.8613907675079603 0.9582950957817516 0.8448931830533253 0.9683270673950087 0.8530735506668343 7.825378546031663 10.234675836153913 0.31251860210054805 0.8881731695464687 0.47743643067230584 1.5278814763912407 0.38498104418381185
